12.978755 77.556782
latitude=11.7
longitude=77.9
